1469022166282,848,5285,12501,1052,200,35,43,23
1469030488017,849,5475,12253,1198,200,33,43,23
1469077950291,403,4793,12439,2577,199,33,38,23
1469110621164,915,4139,12718,3848,201,36,37,23
1469113314755,617,3842,12818,3988,202,36,38,23
1469194437180,4535,6103,15952,5409,205,45,45,26
1469196109165,5002,6529,15999,5438,205,45,45,26
1469199896796,4634,6126,16100,5599,208,45,47,26
1469210517106,4809,6101,15939,5823,211,44,47,26
1469214289615,5272,6498,16001,5844,211,44,47,26
1469217721337,5482,6755,16078,5883,211,44,47,26
1469221387332,5938,7217,16161,5924,211,44,47,26
1469224812532,5995,7274,16218,5943,211,44,47,26
1469228715255,6211,7537,16301,5984,211,44,47,26
1469232268960,6511,7796,16361,6004,211,44,47,26
1469235870391,6724,8056,16441,6044,211,44,47,26
1469239386381,7177,8515,16521,6084,211,44,47,26
1469242964437,7234,8572,16578,6103,211,44,47,26
1469246645832,7450,8835,16661,6144,211,44,47,26
1469250027976,8047,9391,16838,6283,211,44,48,26
1469253962027,8066,9457,16904,6305,211,44,48,26
1469257207219,8513,9910,16978,6343,211,44,48,26
1469260838713,8573,9970,17038,6363,211,44,48,26
1469264689569,8789,10233,17121,6404,211,44,48,26
1469279425015,5225,8031,13432,2366,207,51,50,25
1469282736966,5188,8061,13362,2464,207,51,50,25
1469286063728,5194,8094,13373,2563,207,51,50,25
1469289676217,5440,8305,13433,2743,207,51,50,25
1469293526028,5476,8344,13496,2844,207,51,50,25
1469296858573,5746,8576,13553,2943,207,51,50,25
1469300722274,5782,8615,13616,3044,207,51,50,25
1469304203353,5788,8627,13676,3224,207,51,50,25
1469307804476,6061,8862,13736,3324,207,51,50,25
1469311302049,6091,8895,13793,3423,207,51,50,25
1469315195260,6370,9136,13859,3525,207,51,50,25
1469318704845,6373,9145,13916,3704,207,51,50,25
1469322238928,6406,9181,13976,3804,207,51,50,25
1469325618101,6676,9413,14033,3903,207,51,50,25
1469355010935,5299,8217,14505,4556,214,59,49,24
1469358339461,5267,8223,14497,4734,214,59,49,24
1469361764015,5297,8256,14554,4833,214,59,49,24
1469365509927,5641,8581,14887,5334,214,59,51,25
1469369261595,5827,8920,15250,5585,214,59,51,25
1469372458768,5463,8541,15106,5773,214,57,52,25
1469376025677,4566,7827,14625,4073,214,55,43,25
1469380066114,2737,5910,13513,3885,214,47,44,25
1469383329311,1262,4940,12624,3803,214,45,44,25
1469387139490,1294,4979,12679,3904,214,45,44,25
1469390759774,1532,5217,12669,4005,214,45,44,25
1469394136847,1544,5247,12694,4103,214,45,44,25
1469397606672,1789,5458,12751,4283,214,45,44,25
1469401463084,1825,5497,12814,4384,214,45,44,25
1469404960692,1855,5530,12871,4483,214,45,44,25
1469414611218,1621,5371,13132,4397,213,49,45,25
1469416391877,1758,5676,12875,4612,213,49,46,25
1469419292370,1772,5629,13103,4558,213,50,45,25
1469423416041,1406,5289,12950,3296,214,49,39,25
1469428049209,1845,5648,13203,3532,214,50,40,25
1469430700961,1717,5527,13190,3626,214,50,40,25
1469433779824,1550,5362,13172,3804,214,49,40,25
